tria = [-2.499441205475897, 6.615921400291889, 2;
	-6.382273440256203, 3.662787464117798, -2;
	2.445576058240803, -6.253368887081748, 2.375194311054145];

## distance=5.229089728772
DistOfPointToConvexPolygonIn3D([-9.660004857787385, 7.212415070793341, 0], tria)
## distance=0
DistOfPointToConvexPolygonIn3D([-2.763799942032662, 2.797088654296158, 0.701077676535478], tria)
## distance=4.825981432359222
DistOfPointToConvexPolygonIn3D([-0.058746307637385, 3.60752447114691, -3.238740339153935], tria)
